1 100
2 108.163
3 116.327
4 124.49
5 132.653
6 140.816
7 148.98
8 157.143
9 165.306
10 173.469
11 181.633
12 189.796
13 197.959
14 206.122
15 214.286
16 222.449
17 230.612
18 238.776
19 246.939
20 255.102
21 263.265
22 271.429
23 279.592
24 287.755
25 295.918
26 304.082
27 312.245
28 320.408
29 328.571
30 336.735
31 344.898
32 353.061
33 361.224
34 369.388
35 377.551
36 385.714
37 393.878
38 402.041
39 410.204
40 418.367
41 426.531
42 434.694
43 442.857
44 451.02
45 459.184
46 467.347
47 475.51
48 483.673
49 491.837
50 500
